62302
62202
62201
25562
62326
62352
40115
62395
21163
61967
22326
61915
60184
60743
61800
61030
62481
31262
62154
37543
60503
62076
60815
21949
22057
41827
62332
25632
25388
25853
35430
27340
40070
36510
58119
22397
62579
24511
35135
40058
60929
25072
22117
21836
60910
34960
58899
61100
25531
60933
26153
24169
35395
25285
22509
61913
58431
33395
60201
25607
39558
22108
60547
61926
47914
59854
25991
62497
62291
21180
25859
45153
40062
22076
21992
25533
25380
20902
62347
21320
60914
33664
21799
22013
50285
21316
44941
61827
46929
21835
40128
60023
39153
51036
43256
35333
60551
20109
39956
25748
46467
46622
22318
40735
